platform_mass: 7.621
platform_inertia: 
  ixx: 3.642
  ixy: 0.093
  ixz: 1.723
  iyy: 4.604
  iyz: 0.205
  izz: 1.087

suspension_mass: 1.947
suspension_inertia:
  ixx: 0.24144668
  ixy: 0.04782891
  ixz: -0.14103386
  iyy: 0.30310829
  iyz: -0.06788500
  izz: 0.14649874

wheel_mass: 2.80242
wheel_inertia: 
  ixx: 0.02076
  ixy: 0
  ixz: 0
  iyy: 0.02167
  iyz: 0
  izz: 0.02076

indicator_light_mass: 0.16617
indicator_light_inertia:
  ixx: 0.00014
  ixy: 0
  ixz: 0
  iyy: 0.00014
  iyz: 0
  izz: 0.0001

gnss_mass: 0.360
gnss_inertia:
  ixx: 0.002127
  ixy: 0
  ixz: 0
  iyy: 0.002127
  iyz: 0
  izz: 0.00405



