platform_mass: 7.621
platform_inertia: 
  ixx: 3.642
  ixy: 0.093
  ixz: 1.723
  iyy: 4.604
  iyz: 0.205
  izz: 1.087

suspension_mass: 1.947
suspension_inertia:
  ixx: 0.03436
  ixy: 0.00173
  ixz: 0.02550
  iyy: 0.05523
  iyz: 0.00213
  izz: 0.02139

drive_train_mass: 1.053
drive_train_inertia: 
  ixx: 0.02286
  ixy: 0
  ixz: 0
  iyy: 0.00150
  iyz: 0
  izz: 0.02286

wheel_mass: 2.80242
wheel_inertia: 
  ixx: 0.02076
  ixy: 0
  ixz: 0
  iyy: 0.02167
  iyz: 0
  izz: 0.02076

indicator_light_mass: 0.16617
indicator_light_inertia:
  ixx: 0.00014
  ixy: 0
  ixz: 0
  iyy: 0.00014
  iyz: 0
  izz: 0.0001


