blue_indicator_light_xyz: 0.4430 -0.1141 0.6540
yellow_indicator_light_xyz: 0.4371 0.1522 0.6540
left_side_camera_xyz: 0.03 -0.17 0.05
left_side_camera_rpy: 0 0.5235987756 -1.570796327
right_side_camera_xyz: 0.03 0.17 0.05
right_side_camera_rpy: 0 0.5235987756 1.570796327
suspension_height: 0.24875
suspension_separation_x: 0.229
suspension_separation_y: 0.312
suspension_thickness: 0.02
suspension_z: 0.12746
track: 0.584
wheel_base: 0.5795
wheel_radius: 0.114
wheel_width: 0.210